
02039D02
76.64
109.87
180.6
95.08
02039D02
16.1
160.99
50.65
159.68
02039D02
90.64
71.41
194.45
120.37
89.55
148.58
15.22
98.5
20DM2000
128.84
167.14
135.34
73.55
136.29
20DM2000
93.6
02039D02
25.13
163.96
35.7
80.14
126.94
139.08
136.55
71.33
F9200102
111.85
49.26
F9200102
128.99
93.57
115.6
15.2
18.93
160.5
02039D02
92.26
136.68
144.11
140.18
F9200102
123.61
58.8
20DM2000
61.13
177.76
31.79
54.2
160.14
72.67
61.09
107.7
5.87
02039D02
132.55
87.53
144.38
68.96
20DM2000
49.35
181.72
161.72
173.4
183.84
20DM2000
10.1
55.49
15.24
104.91
88.96
125.18
141.72
188.07
176.86
20DM2000
153.53
191.48
88.53
164.32
164.8
58.06
175.94
165.63
5.59
20DM2000
22.47
20DM2000
199.05
02039D02
26.82
58.52
111.58
173.44
02039D02
184.21
164.96
152.67
26.9
F9200102
46.42
10.41
111.95
113.22
198.06
88.47
02039D02
133.76
6.94
29.49
125.03
20DM2000
102.55
02039D02
197.19
74.12
196.68
130.09
9.07
72.95
123.07
71.42
02039D02
13.04
156.3
79.74
158.85
101.59
111.6
135.63
147.14
20DM2000
162.72
157.91
31.89
61.71
80.51
20DM2000
147.01
02039D02
97.18
184.06
51.36
156.93
01010012
28.35
5.18
29.61
141.88
95.15
193.02
120.74
20DM2000
180.15
39.98
193.51
196.26
152.62
01010012
86.3
143.66
173.42
20DM2000
173.23
01010012
66.97
9.39
114.75
F9200102
67.93
122.46
20DM2000
166.25
20DM2000
82.25
199.75
166.62
160.85
117.71
161.56
62.5
30.79
117.04
01010012
64.88
29.89
94.59
02039D02
124.16
75.27
24.35
185.39
7.32
68.49
58.51
46.48
F9200102
90.26
164.5
12.2
190.36
66.01
24.52
01010012
26.23
124.6
128.21
01010012
166.17
179.18
37.95
123.56
38.32
4.56
62.81
F9200102
148.41
119.01
79.91
114.36
163.46
80.5
02039D02
194.45
139.02
97.31
67.97
142.37
129.92
141.1
114.17
F9200102
77.6
155.44
23.06
9.29
97.21
159.6
02039D02
100.71
33.24
161.06
68.82
02039D02
93.23
70.34
123.22
94.34
73.75
160.41
25.84
137.47
F9200102
35.65
90.08
F9200102
93.2
17.07
02039D02
189.52
101.25
112.35
128.02
92.22
104.28
9.55
109.92
02039D02
84.73
20.57
51.53
38.62
149.65
135.76
185.24
70.44
F9200102
120.57
3.46
20DM2000
195.21
02039D02
183.52
117.84
173.45
165.25
34.5
120.33
161.44
42.16
02039D02
150.66
79.62
47.01
65.87
01010012
123.45
111.7
17.71
20DM2000
125.04
128.23
102.1
184.36
109.82
79.53
11.19
96.05
154.29
20DM2000
196.75